main.java.components.hash.algorithms.Blake2b:rotr64 [0.0, -50.13234521295237, 50.12842544404275, 8.959638665044316, -12.80191188985381, 25.41956837151303, -5.205522861221165, -2.746802972010201, -39.950551125399386, -14.914732414625377, -0.1625774680474195, -0.010847917911441, -0.022621617114045728]
main.java.components.hash.algorithms.Blake2b:G [0.0, 3297.9417585197853, -3297.9825931270148, 355.4036116927329, 3145.1146813063224, -568.8768895440469, -3097.8279433766106, 521.6127993815408, -4794.1776255783825, 2.3962483741768748, 535.6345228924836, -1.5557318373911218, 4.727110185201172]
main.java.components.hash.algorithms.Blake2b:compress [0.0, -1619944.4094492702, 1619944.4485795742, 438086.01620612614, -559704.5120905879, 1082669.2895111267, -262769.1144890222, -260191.0853673277, -2015191.7956411832, -814706.5934759292, 54601.60443682811, -323.03873484423275, -1937.163103312735]
main.java.components.hash.algorithms.Blake2b_1:G [0.0, 0.0, 0.0, 0.0, -68.41767369236325, 68.40168419436704, 0.0, 0.0, -68.42382286137254, -83.301837267688, -6.097434630594854, 0.049251742139873426, 0.04813717295627674]
main.java.components.hash.algorithms.Blake2b_1:compress [0.0, 0.0, 0.0, 1742.4601144284513, -4690.479275809777, 4690.287866169561, 0.0, 0.0, -4690.277124754161, -3041.0941188484926, 901.0329552452763, 31.800488021378126, 15.698042242378671]
main.java.components.hash.algorithms.Blake2b:doFinal [0.0, -1714943.1783190446, 1714943.2239604262, 984088.232971708, -13726.150836088265, 1064984.5741720707, -690436.1099236221, -360817.7060206283, -2163617.31967377, -815910.5967957678, 54066.19475186249, 232.08684611312202, -784.7140670225037]
main.java.components.graph.algorithms.DoubleButterflyGraph:graph [0.0, 11535631033.32051, -11535631030.077808, 0.0, 0.0, 0.0, 0.0, 0.0, -11535631029.892944, 11268737482.82703, 570278423.3040389, 32977414.543279484, -33183903.205093257]
main.java.Helper:<init> [0.0, 0.0, -0.0, -0.0, 0.0, -0.0, 0.0, 0.0, -0.0, 0.0, 0.0, 0.0, -0.0]
main.java.Catena:init [0.0, 0.0, -0.0, -0.0, 0.0, -0.0, 0.0, -0.0, 0.0, 0.0, 0.0, 0.0, 0.0]
main.java.components.gamma.algorithms.SaltMix:setH [0.0, 0.0, 0.0, 0.0, 0.0, 0.0, 0.0, 0.0, 0.0, 0.0, 0.0, 0.0, 0.0]
main.java.components.hash.algorithms.Blake2b:init [0.0, 12.049828246135041, -12.057520017189331, 2.9668473635552615, 40.80870041930465, -8.796171982415009, -13.572241445132608, -13.760067505501299, -30.450020634975296, 5.186331927607688, 0.27679811338040833, -0.0013382680315694086, 0.018567019248560235]
main.java.Catena:hInit [0.0, 0.0, -0.0, -0.0, 0.0, -0.0, -0.0, -0.0, -0.0, -0.0, -0.0, -1.9146058655257667e-06, 0.0]
main.java.components.phi.algorithms.IdentityPhi:setHPrime [0.0, 0.0, -0.0, -0.0, 0.0, -0.0, 0.0, 0.0, 0.0, -0.0, 0.0, 4.787981748599513e-07, -9.899536692834024e-06]
main.java.components.hash.algorithms.Blake2b:update [0.0, 76.63375992297294, -76.67466663294445, 26.71510094818527, 268.0030654942728, -67.69445652120066, -99.77556367423603, -95.77070912566913, -201.26274951665116, 33.64372671005811, 2.0764834701689736, -0.03508186731318291, 0.08228594465668962]
main.java.components.hash.algorithms.Blake2b_1:bytes2long [0.0, 0.0, 0.0, -71.54556193523155, 445.90563847524345, -445.8519413917992, 0.0, 0.0, 445.8757465242013, 174.96791237448573, 9.34458996207597, 1.0852279007641021, 0.015317040731516116]
main.java.components.hash.algorithms.Blake2b:long2bytes [0.0, 76.98014981080543, -77.01889631741739, 33.46243001392362, 276.25676036289815, -68.7305877586224, -102.87392250115488, -99.8886064398439, -215.74733695886954, 35.466806956635466, 1.6453970904254023, -0.0635239219584491, -0.13727565295722258]
main.java.components.hash.algorithms.Blake2b_1:getOutputSize [0.0, 0.0, 0.0, -0.0, 0.0, -0.0, 0.0, 0.0, 0.0, 0.0, 0.0007077771777687184, 3.4499977186574947e-05, -0.0001259295097588332]
main.java.components.gamma.algorithms.SaltMix:gamma [0.0, 0.0, 0.0, 0.0, 0.0, 0.0, 0.0, 0.0, 0.0, 0.35124781841622565, -0.014704982335108203, -0.0006920765868737203, -0.0034299032034351305]
main.java.components.gamma.algorithms.SaltMix:xorshift1024star [0.0, 0.0, 0.0, 0.0, 0.0, 0.0, 0.0, 0.0, 0.0, 0.057672275721764525, -0.001959932437271758, 0.00044507080821066153, -0.000837012101034863]
main.java.components.graph.algorithms.index.IndexBRG:<init> [0.0, 0.3436478381268603, -0.343933731767942, -0.0, 0.0, -2.6828026498647097, 0.07611830402441687, 0.2734480735133341, 0.0, 0.5672617848089115, 0.035624768628941324, 0.000580268366806693, -0.002553812833204631]
main.java.Helper:concateByteArrays [0.0, 6.951273377418509, -6.945927728413427, -2.5480036046268655, 120.60363001568072, -42.77651771045084, -34.801354544348435, -38.344881042247756, 12.268385043100166, 24.598492103901826, 1.2878884949038554, 0.06520601887675843, -0.06532885624599508]
main.java.Helper:xor [0.0, -4.183669686378936, 4.1856707568827645, 0.0, 0.0, 0.0, 0.0, 0.0, 4.199649253329534, 47.44807192413782, 2.9303214731146023, 0.15859279739155363, -0.06447751361406277]
main.java.components.phi.algorithms.CatenaPhi:<init> [0.0, 0.0, 0.0, 0.0, 0.0, 0.0, 0.0, 0.0, 0.0, 0.0, 0.0, 0.0, 0.0]
main.java.components.hash.algorithms.Blake2b_1:rotr64 [0.0, 0.0, 0.0, -69.28801240702501, 987.4279426629247, -987.3508292064926, 0.0, 0.0, 987.3679720819565, 395.8214758308758, 23.72519142640007, 0.3274156162148087, 1.3148063557601866]
main.java.components.graph.algorithms.GenericGraph:hFirst [0.0, 0.0, -0.0, -0.0, 0.0, -0.0, 0.0, 0.0, 0.0, -0.013937458319428159, 0.02151254985579194, 0.0005750180917110261, 0.00015291611447085116]
main.java.components.phi.algorithms.IdentityPhi:phi [0.0, -0.0, 0.0, -0.0, -0.0, 0.0, -0.0, -0.0, 0.0, 0.0, 0.0022465047680481354, -0.00022836348197790418, 3.8587201413159725e-05]
main.java.components.hash.algorithms.Blake2b_1:<init> [0.0, 0.0, 0.0, 0.0, 0.0, 0.0, 0.0, 0.0, 0.0, 0.0, 0.0, 0.0, 0.0]
main.java.Helper:twoDimByteArrayToOne [0.0, -0.082793822789964, 0.08276790492616129, 0.0, 0.0, 0.0, -0.0, -0.0, 0.0, 0.036008315876963536, 0.011647265630695727, -7.908730203064726e-05, -0.000602585811307015]
main.java.Catena:phi [0.0, 0.0, -0.0, -0.0, -0.0, 0.0, -0.0, -0.0, -0.0, -0.018670970728149165, 0.0, -0.0006789892446185832, 0.00019021139903160667]
main.java.components.graph.algorithms.DoubleButterflyGraph:<init> [0.0, 0.0, 0.0, 0.0, 0.0, 0.0, 0.0, 0.0, 0.0, 0.0, 0.0, 0.0, 0.0]
main.java.components.hash.algorithms.Blake2b_1:initializeInternalState [0.0, 0.0, 0.0, 0.12821936521837088, 37.81794386882674, -37.807534089747335, 0.0, 0.0, 37.81809386100164, 14.904358569388071, 0.9655546432953754, 0.034271309876802596, -0.07643300495636823]
main.java.Catena:compTweak [0.0, -0.0, 0.0, -0.0, -0.0, 0.0, -0.0, -0.0, -0.0, 0.0, 0.0, 0.0, -0.0]
main.java.components.phi.algorithms.index.LSBIndex:getLsbIndex [0.0, 0.0, 0.0, 0.0, 0.0, 0.0, 0.0, 0.0, 0.0, 0.029328401072861984, -0.0011471753291295746, -3.4617143671273165e-05, -0.0005822665473402981]
main.java.components.hash.algorithms.Blake2b:<init> [0.0, 0.0, -0.0, -0.0, -0.0, -0.0, 0.0, -0.0, -0.0, -0.0, 0.0, 0.0, 0.0]
main.java.components.gamma.algorithms.SaltMix:bytes2long [0.0, 0.0, 0.0, 0.0, 0.0, 0.0, 0.0, 0.0, 0.0, 0.0, 0.00010316274426624908, 8.138774832294312e-05, 0.00016780999043514914]
main.java.components.graph.algorithms.index.IndexDBG:getIndex [0.0, 6.328478322865062, -6.329839347107683, 0.0, 0.0, 0.0, 0.0, 0.0, -6.3378997776145205, 31.83640985941288, 2.0183916975356664, -0.022273748352476006, 0.03917255306462243]
main.java.Helper:intToByteArrayLittleEndian [0.0, 0.0, 0.0, 0.0, 0.0, 0.0, 0.0, 0.0, 0.0, 0.0, 0.0, 0.0, 0.0]
main.java.components.hash.algorithms.Blake2b_1:reset [0.0, 0.0, 0.0, -0.0, 0.3391365087279219, -0.3390575180061631, 0.0, 0.0, 0.3391721946111801, 0.15513200918998146, -0.010804133632538302, 3.277395595762146e-05, 0.00010505632887666977]
main.java.Catena:<init> [0.0, 0.0, -0.0, -0.0, -0.0, -0.0, 0.0, -0.0, -0.0, -0.0, -0.0, -0.0, 0.0]
main.java.components.gamma.algorithms.SaltMix:transformBytesToLong [0.0, 0.0, 0.0, 0.0, 0.0, 0.0, 0.0, 0.0, 0.0, 0.0, 0.0, 0.0, 0.0]
main.java.components.graph.algorithms.index.IndexBRG:getIndex [0.0, 3.8747097412943097, -3.8728367345107735, -0.0, 0.0, -7.479838562567026, 1.2086968080387968, 3.9371876827819916, 0.0, 7.225749618767777, 0.4218336075982252, -0.011701646977639424, 0.0006130940279975663]
main.java.components.gamma.algorithms.SaltMix:<init> [0.0, 0.0, 0.0, 0.0, 0.0, 0.0, 0.0, 0.0, 0.0, 0.0, 0.0, 0.0, 0.0]
main.java.components.gamma.algorithms.IdentityGamma:gamma [0.0, 0.0, -0.0, 0.0, -0.0, 0.0, -0.0, 0.0, -0.0, 0.0, -7.834711702650321e-05, 0.0, 9.988100883186444e-05]
main.java.components.phi.algorithms.CatenaPhi:setHPrime [0.0, 0.0, 0.0, 0.0, 0.0, 0.0, 0.0, 0.0, 0.0, 0.0, 0.0, 0.0, 0.0]
main.java.components.graph.algorithms.index.IndexDBG:<init> [0.0, 0.0, 0.0, 0.0, 0.0, 0.0, 0.0, 0.0, 0.0, 0.0, 0.0, 0.0, 0.0]
main.java.components.gamma.algorithms.IdentityGamma:<init> [0.0, 0.0, -0.0, 0.0, -0.0, -0.0, 0.0, -0.0, -0.0, 0.0, 0.0, -0.0, 0.0]
main.java.components.hash.algorithms.Blake2b:reset [0.0, 60.175026838198924, -60.20479776377197, 20.088049782231472, 192.086572044652, -46.85598029060247, -72.95510340767777, -67.53935077445043, -147.38081281540005, 24.491870064417377, 1.356053654391928, 0.21097667757839664, -0.02366105088198084]
main.java.components.gamma.algorithms.IdentityGamma:setHPrime [0.0, -0.0, 0.0, 0.0, 0.0, -0.0, -0.0, -0.0, 0.0, -0.0, -0.0, 0.0, 0.0]
main.java.components.hash.algorithms.Blake2b:getOutputSize [0.0, 0.0, -0.0, -0.0, 0.0, 0.0, -0.0, -0.0, 0.0, 0.0007715635930994652, 0.00046161658256455116, 1.079879859968346e-06, 0.00013039131575300303]
main.java.components.graph.algorithms.index.IndexGRG:getIndex [0.0, 0.0, 0.0, 0.0, 0.0, 0.0, 1.6513226485068282, -1.6455846380350068, 0.0, 23.505477851597092, 1.5078705532360142, -0.07504565261298342, 0.06555525622370975]
main.java.Catena:erasePwd [0.0, 0.0, 0.0, 0.0, 0.0, 0.0, 0.0, 0.0, 0.0, 0.0, 0.0, 0.0, 0.0]
main.java.components.hash.algorithms.Blake2b_1:long2bytes [0.0, 0.0, 0.0, -13.400277609649166, 239.0491899240073, -239.01031799573394, 0.0, 0.0, 239.0329701145148, 94.01651608722173, 6.402673808821072, 0.06318628792915501, 0.042834758690352956]
main.java.components.phi.algorithms.index.LSBIndex:<init> [0.0, 0.0, 0.0, 0.0, 0.0, 0.0, 0.0, 0.0, 0.0, 0.0, 0.0, 0.0, 0.0]
main.java.components.hash.algorithms.Blake2b:bytes2long [0.0, 182.4916257557167, -182.51885574891563, 65.14392234744867, 661.2065948547497, -165.03365916011936, -242.5988647431621, -248.88433032607801, -517.6925042404595, 80.07107434878795, 5.826215268694327, -0.01371766666305851, 0.28200931004935]
main.java.components.graph.algorithms.DoubleButterflyGraph:hFirst [0.0, -0.0, 0.0, 0.0, 0.0, 0.0, 0.0, 0.0, 0.0, 0.5300886647613342, 0.09885930941199379, -0.0014840663192684516, 0.0017958309566213854]
main.java.components.graph.algorithms.index.IndexGRG:<init> [0.0, 0.0, 0.0, 0.0, 0.0, 0.0, 0.0, 0.0, 0.0, 0.0, 0.0, 0.0, 0.0]
main.java.components.hash.algorithms.Blake2b_1:doFinal [0.0, 0.0, 0.0, -241.69615349391592, 1170.3497049328155, -1170.246430278176, 0.0, 0.0, 1170.2753473336907, 476.0811168448997, 27.283638121269515, -0.4058271765320778, 2.19659980754247]
main.java.Helper:hex2bytes [0.0, -0.0, 0.0, 0.0, 0.0, -0.0, -0.0, -0.0, 0.0, 0.0, 0.0, 0.0, 0.0]
main.java.components.graph.algorithms.DoubleButterflyGraph:setHPrime [0.0, 0.0, 0.0, 0.0, 0.0, 0.0, 0.0, 0.0, 0.0, 0.0, 0.0, 0.0, 0.0]
main.java.components.graph.algorithms.GenericGraph:graph [0.0, 11.262962031575448, -11.255476973316277, 0.0, 0.0, -3.0370245892056595, -0.0, 3.814998592868375, 0.0, 30.502951162247285, 2.1364264465098564, 0.018429859355003884, 0.019735126041129036]
main.java.Catena:f [0.0, -0.0, 0.0, -0.0, -0.0, 0.0, -0.0, -0.0, -0.0, 0.0, 0.0, 2.280650387718983e-05, -2.2483205754668926e-05]
main.java.Helper:string2Bytes [0.0, -0.0, 0.0, -0.0, 0.0, -0.0, -0.0, -0.0, 0.0, 0.0, 0.0, -0.0, 0.0]
main.java.components.phi.algorithms.IdentityPhi:setH [0.0, -0.0, 0.0, -0.0, -0.0, 0.0, -0.0, -0.0, 0.0, 0.0, -0.0, -0.0, -0.0]
main.java.components.graph.algorithms.GenericGraph:setIndexing [0.0, -0.0, 0.0, 0.0, 0.0, 0.0, -0.0, -0.0, 0.0, -0.0, 0.0, -0.0, 0.0]
main.java.Helper:truncate [0.0, -0.0, 0.0, -0.0, 0.0, 0.0, -0.0, -0.0, 0.0, -0.0, -0.00016861173288954277, -6.876053300733664e-05, -6.047332587093514e-05]
main.java.Catena:flap [0.0, -0.0, 0.0, 0.0, -0.01706352393946264, 0.007266664215301762, -0.0, 0.0, -0.0, 0.7753358891624829, -0.023690162546461998, 0.0002445981216282745, -0.0010639385903397716]
main.java.Catena:setD [0.0, -0.0, 0.0, 0.0, -0.0, 0.0, -0.0, -0.0, -0.0, 0.0, 0.0, 0.0, -0.0]
main.java.components.gamma.algorithms.IdentityGamma:setH [0.0, 0.0, 0.0, 0.0, 0.0, 0.0, 0.0, 0.0, 0.0, 0.0, 0.0, 0.0, 0.0]
main.java.Catena:catena [0.0, -0.0, 0.0, 0.0, 0.0, -0.0, -0.0, 0.0, 0.0, 0.0, 0.00011872753489218953, 6.970325760623148e-05, 6.919601181892898e-05]
main.java.components.hash.algorithms.Blake2b:initializeInternalState [0.0, 13.201018034220024, -13.208180551171116, 3.770752185352711, 46.275991701488934, -9.429713517724075, -15.709310062336424, -16.45534076880904, -34.76338535802897, 5.50555026468619, 0.368820855644011, 0.006732917426150896, -0.0021188210582531943]
main.java.components.phi.algorithms.CatenaPhi:phi [0.0, 0.0, 0.0, 0.0, 0.0, 0.0, 0.0, 0.0, 0.0, 1.099022016952023, -0.0069310028543993615, 0.0005720398538236734, -0.000833617106801602]
main.java.components.gamma.algorithms.SaltMix:setHPrime [0.0, 0.0, 0.0, 0.0, 0.0, 0.0, 0.0, 0.0, 0.0, 0.0, 0.0, 0.0, 0.0]
main.java.components.graph.algorithms.GenericGraph:<init> [0.0, 0.0, -0.0, -0.0, 0.0, -0.0, 0.0, -0.0, 0.0, 0.0, 0.0, -0.0, 0.0]
main.java.components.phi.algorithms.IdentityPhi:<init> [0.0, 0.0, -0.0, -0.0, -0.0, -0.0, 0.0, -0.0, 0.0, 0.0, -0.0, -0.0, -0.0]
main.java.components.hash.algorithms.Blake2b_1:init [0.0, 0.0, 0.0, -0.0, 0.0, -0.0, 0.0, 0.0, 0.0, 0.004014342868488028, -0.0001331136339571594, 3.577149467427478e-05, 0.0]
main.java.components.graph.algorithms.GenericGraph:setH [0.0, 0.0, 0.0, 0.0, 0.0, 0.0, 0.0, 0.0, 0.0, 0.0, 0.0, 0.0, 0.0]
main.java.components.hash.algorithms.Blake2b_1:update [0.0, 0.0, 0.0, -23.194855509476263, 334.260097269016, -334.2024283883584, 0.0, 0.0, 334.23747491302635, 135.84971634248035, 8.833490602544186, 0.08454266533229665, 0.3590203191896578]
main.java.components.graph.algorithms.DoubleButterflyGraph:setH [0.0, 0.0, 0.0, 0.0, 0.0, 0.0, 0.0, 0.0, 0.0, 0.0, 0.0, 0.0, 0.0]
main.java.components.graph.algorithms.GenericGraph:setHPrime [0.0, -0.0, 0.0, 0.0, 0.0, 0.0, -0.0, -0.0, 0.0, -0.0, -0.0, -0.0, 0.0]
main.java.components.phi.algorithms.CatenaPhi:setH [0.0, 0.0, 0.0, 0.0, 0.0, 0.0, 0.0, 0.0, 0.0, 0.0, 0.0, 0.0, 0.0]
main.java.components.graph.algorithms.DoubleButterflyGraph:setIndexing [0.0, 0.0, 0.0, 0.0, 0.0, 0.0, 0.0, 0.0, 0.0, 0.0, 0.0, 0.0, 0.0]
main.java.Catena:gamma [0.0, 0.0, -0.0, -0.0, -0.0, 0.0, 0.0, -0.0, -0.0, 0.0, 0.0, 0.0, -0.0]
